0   0     0.0
1   0     0.0
2   0     0.0
3   1     0.004517647058823529
4   1     0.005666511280276816
5   1     0.005905525420889885
6   1     0.005952792073149164
7   1     0.005962000329791795
8   1     0.005963785965360355
9   1     0.00596413173055809
10   1     0.00596419865320451
11   1     0.0059642116042013015
12   1     0.005964214110390715
13   1     0.005964214595364759
14   1     0.005964214689211929
15   1     0.00596421470737224
16   1     0.0059642147108864285
17   1     0.005964214711566456
18   1     0.0059642147116980475
19   1     0.005964214711723512
20   1     0.00596421471172844
21   1     0.005964214711729393
22   1     0.005964214711729578
23   1     0.005964214711729614
24   1     0.005964214711729621
25   1     0.005964214711729623
26   1     0.005964214711729623
27   1     0.005964214711729623
28   1     0.005964214711729623
29   1     0.005964214711729623
30   1     0.005964214711729623
31   1     0.005964214711729623
32   1     0.005964214711729623
33   1     0.005964214711729623
34   1     0.005964214711729623
35   1     0.005964214711729623
36   1     0.005964214711729623
37   1     0.005964214711729623
38   1     0.005964214711729623
39   1     0.005964214711729623
40   1     0.005964214711729623
41   1     0.005964214711729623
42   1     0.005964214711729623
43   1     0.005964214711729623
44   1     0.005964214711729623
45   1     0.005964214711729623
46   1     0.005964214711729623
47   1     0.005964214711729623
48   1     0.005964214711729623
49   1     0.005964214711729623
50   1     0.005964214711729623
51   1     0.005964214711729623
52   1     0.005964214711729623
53   1     0.005964214711729623
54   1     0.005964214711729623
55   1     0.005964214711729623
56   1     0.005964214711729623
57   1     0.005964214711729623
58   1     0.005964214711729623
59   1     0.005964214711729623
60   1     0.005964214711729623
61   1     0.005964214711729623
62   1     0.005964214711729623
63   1     0.005964214711729623
64   1     0.005964214711729623
65   1     0.005964214711729623
66   1     0.005964214711729623
67   1     0.005964214711729623
68   1     0.005964214711729623
69   1     0.005964214711729623
70   1     0.005964214711729623
71   1     0.005964214711729623
72   1     0.005964214711729623
73   1     0.005964214711729623
74   1     0.005964214711729623
75   1     0.005964214711729623
76   1     0.005964214711729623
77   1     0.005964214711729623
78   1     0.005964214711729623
79   1     0.005964214711729623
80   1     0.005964214711729623
81   1     0.005964214711729623
82   1     0.005964214711729623
83   1     0.005964214711729623
84   1     0.005964214711729623
85   1     0.005964214711729623
86   1     0.005964214711729623
87   1     0.005964214711729623
88   1     0.005964214711729623
89   1     0.005964214711729623
90   1     0.005964214711729623
91   1     0.005964214711729623
92   1     0.005964214711729623
93   1     0.005964214711729623
94   1     0.005964214711729623
95   1     0.005964214711729623
96   1     0.005964214711729623
97   1     0.005964214711729623
98   1     0.005964214711729623
99   1     0.005964214711729623
100   1     0.005964214711729623
101   1     0.005964214711729623
102   1     0.005964214711729623
103   1     0.005964214711729623
104   1     0.005964214711729623
105   1     0.005964214711729623
106   1     0.005964214711729623
107   1     0.005964214711729623
108   1     0.005964214711729623
109   1     0.005964214711729623
110   1     0.005964214711729623
111   1     0.005964214711729623
112   1     0.005964214711729623
113   1     0.005964214711729623
114   1     0.005964214711729623
115   1     0.005964214711729623
116   1     0.005964214711729623
117   1     0.005964214711729623
118   1     0.005964214711729623
119   1     0.005964214711729623
120   1     0.005964214711729623
121   1     0.005964214711729623
122   1     0.005964214711729623
123   1     0.005964214711729623
124   1     0.005964214711729623
125   1     0.005964214711729623
126   1     0.005964214711729623
127   1     0.005964214711729623
128   1     0.005964214711729623
129   1     0.005964214711729623
130   1     0.005964214711729623
131   1     0.005964214711729623
132   1     0.005964214711729623
133   1     0.005964214711729623
134   1     0.005964214711729623
135   1     0.005964214711729623
136   1     0.005964214711729623
137   1     0.005964214711729623
138   1     0.005964214711729623
139   1     0.005964214711729623
140   1     0.005964214711729623
141   1     0.005964214711729623
142   1     0.005964214711729623
143   1     0.005964214711729623
144   1     0.005964214711729623
145   1     0.005964214711729623
146   1     0.005964214711729623
147   1     0.005964214711729623
148   1     0.005964214711729623
149   1     0.005964214711729623
150   1     0.005964214711729623
151   1     0.005964214711729623
152   1     0.005964214711729623
153   1     0.005964214711729623
154   1     0.005964214711729623
155   1     0.005964214711729623
156   1     0.005964214711729623
157   1     0.005964214711729623
158   1     0.005964214711729623
159   1     0.005964214711729623
160   1     0.005964214711729623
161   1     0.005964214711729623
162   1     0.005964214711729623
163   1     0.005964214711729623
164   1     0.005964214711729623
165   1     0.005964214711729623
166   1     0.005964214711729623
167   1     0.005964214711729623
168   1     0.005964214711729623
169   1     0.005964214711729623
170   1     0.005964214711729623
171   1     0.005964214711729623
172   1     0.005964214711729623
173   1     0.005964214711729623
174   1     0.005964214711729623
175   1     0.005964214711729623
176   1     0.005964214711729623
177   1     0.005964214711729623
178   1     0.005964214711729623
179   1     0.005964214711729623
180   1     0.005964214711729623
181   1     0.005964214711729623
182   1     0.005964214711729623
183   1     0.005964214711729623
184   1     0.005964214711729623
185   1     0.005964214711729623
186   1     0.005964214711729623
187   1     0.005964214711729623
188   1     0.005964214711729623
189   1     0.005964214711729623
190   1     0.005964214711729623
191   1     0.005964214711729623
192   1     0.005964214711729623
193   1     0.005964214711729623
194   1     0.005964214711729623
195   1     0.005964214711729623
196   1     0.005964214711729623
197   1     0.005964214711729623
198   1     0.005964214711729623
199   1     0.005964214711729623
200   1     0.005964214711729623
201   1     0.005964214711729623
202   1     0.005964214711729623
203   1     0.005964214711729623
204   1     0.005964214711729623
205   1     0.005964214711729623
206   1     0.005964214711729623
207   1     0.005964214711729623
208   1     0.005964214711729623
209   1     0.005964214711729623
210   1     0.005964214711729623
211   1     0.005964214711729623
212   1     0.005964214711729623
213   1     0.005964214711729623
214   1     0.005964214711729623
215   1     0.005964214711729623
216   1     0.005964214711729623
217   1     0.005964214711729623
218   1     0.005964214711729623
219   1     0.005964214711729623
220   1     0.005964214711729623
221   1     0.005964214711729623
222   1     0.005964214711729623
223   1     0.005964214711729623
224   1     0.005964214711729623
225   1     0.005964214711729623
226   1     0.005964214711729623
227   1     0.005964214711729623
228   1     0.005964214711729623
229   1     0.005964214711729623
230   1     0.005964214711729623
231   1     0.005964214711729623
232   1     0.005964214711729623
233   1     0.005964214711729623
234   1     0.005964214711729623
235   1     0.005964214711729623
236   1     0.005964214711729623
237   1     0.005964214711729623
238   1     0.005964214711729623
239   1     0.005964214711729623
240   1     0.005964214711729623
241   1     0.005964214711729623
242   1     0.005964214711729623
243   1     0.005964214711729623
244   1     0.005964214711729623
245   1     0.005964214711729623
246   1     0.005964214711729623
247   1     0.005964214711729623
248   1     0.005964214711729623
249   1     0.005964214711729623
250   1     0.005964214711729623
251   1     0.005964214711729623
252   1     0.005964214711729623
253   1     0.005964214711729623
254   1     0.005964214711729623
255   1     0.005964214711729623
256   1     0.005964214711729623
257   1     0.005964214711729623
258   1     0.005964214711729623
259   1     0.005964214711729623
260   1     0.005964214711729623
261   1     0.005964214711729623
262   1     0.005964214711729623
263   1     0.005964214711729623
264   1     0.005964214711729623
265   1     0.005964214711729623
266   1     0.005964214711729623
267   1     0.005964214711729623
268   1     0.005964214711729623
269   1     0.005964214711729623
270   1     0.005964214711729623
271   1     0.005964214711729623
272   1     0.005964214711729623
273   1     0.005964214711729623
274   1     0.005964214711729623
275   1     0.005964214711729623
276   1     0.005964214711729623
277   1     0.005964214711729623
278   1     0.005964214711729623
279   1     0.005964214711729623
280   1     0.005964214711729623
281   1     0.005964214711729623
282   1     0.005964214711729623
283   1     0.005964214711729623
284   1     0.005964214711729623
285   1     0.005964214711729623
286   1     0.005964214711729623
287   1     0.005964214711729623
288   1     0.005964214711729623
289   1     0.005964214711729623
290   1     0.005964214711729623
291   1     0.005964214711729623
292   1     0.005964214711729623
293   1     0.005964214711729623
294   1     0.005964214711729623
295   1     0.005964214711729623
296   1     0.005964214711729623
297   1     0.005964214711729623
298   1     0.005964214711729623
299   1     0.005964214711729623
300   1     0.005964214711729623
301   1     0.005964214711729623
302   1     0.005964214711729623
303   1     0.005964214711729623
304   1     0.005964214711729623
305   1     0.005964214711729623
306   1     0.005964214711729623
307   1     0.005964214711729623
308   1     0.005964214711729623
309   1     0.005964214711729623
310   1     0.005964214711729623
311   1     0.005964214711729623
312   1     0.005964214711729623
313   1     0.005964214711729623
314   1     0.005964214711729623
315   1     0.005964214711729623
316   1     0.005964214711729623
317   1     0.005964214711729623
318   1     0.005964214711729623
319   1     0.005964214711729623
320   1     0.005964214711729623
321   1     0.005964214711729623
322   1     0.005964214711729623
323   1     0.005964214711729623
324   1     0.005964214711729623
325   1     0.005964214711729623
326   1     0.005964214711729623
327   1     0.005964214711729623
328   1     0.005964214711729623
329   1     0.005964214711729623
330   1     0.005964214711729623
331   1     0.005964214711729623
332   1     0.005964214711729623
333   1     0.005964214711729623
334   1     0.005964214711729623
335   1     0.005964214711729623
336   1     0.005964214711729623
337   1     0.005964214711729623
338   1     0.005964214711729623
339   1     0.005964214711729623
340   1     0.005964214711729623
341   1     0.005964214711729623
342   1     0.005964214711729623
343   1     0.005964214711729623
344   1     0.005964214711729623
345   1     0.005964214711729623
346   1     0.005964214711729623
347   1     0.005964214711729623
348   1     0.005964214711729623
349   1     0.005964214711729623
350   1     0.005964214711729623
351   1     0.005964214711729623
352   1     0.005964214711729623
353   1     0.005964214711729623
354   1     0.005964214711729623
355   1     0.005964214711729623
356   1     0.005964214711729623
357   1     0.005964214711729623
358   1     0.005964214711729623
359   1     0.005964214711729623
360   1     0.005964214711729623
361   1     0.005964214711729623
362   1     0.005964214711729623
363   1     0.005964214711729623
364   1     0.005964214711729623
365   1     0.005964214711729623
366   1     0.005964214711729623
367   1     0.005964214711729623
368   1     0.005964214711729623
369   1     0.005964214711729623
370   1     0.005964214711729623
371   1     0.005964214711729623
372   1     0.005964214711729623
373   1     0.005964214711729623
374   1     0.005964214711729623
375   1     0.005964214711729623
376   1     0.005964214711729623
377   1     0.005964214711729623
378   1     0.005964214711729623
379   1     0.005964214711729623
380   1     0.005964214711729623
381   1     0.005964214711729623
382   1     0.005964214711729623
383   1     0.005964214711729623
384   1     0.005964214711729623
385   1     0.005964214711729623
386   1     0.005964214711729623
387   1     0.005964214711729623
388   1     0.005964214711729623
389   1     0.005964214711729623
390   1     0.005964214711729623
391   1     0.005964214711729623
392   1     0.005964214711729623
393   1     0.005964214711729623
394   1     0.005964214711729623
395   1     0.005964214711729623
396   1     0.005964214711729623
397   1     0.005964214711729623
398   1     0.005964214711729623
399   1     0.005964214711729623
400   1     0.005964214711729623
401   1     0.005964214711729623
402   1     0.005964214711729623
403   1     0.005964214711729623
404   1     0.005964214711729623
405   1     0.005964214711729623
406   1     0.005964214711729623
407   1     0.005964214711729623
408   1     0.005964214711729623
409   1     0.005964214711729623
410   1     0.005964214711729623
411   1     0.005964214711729623
412   1     0.005964214711729623
413   1     0.005964214711729623
414   1     0.005964214711729623
415   1     0.005964214711729623
416   1     0.005964214711729623
417   1     0.005964214711729623
418   1     0.005964214711729623
419   1     0.005964214711729623
420   1     0.005964214711729623
421   1     0.005964214711729623
422   1     0.005964214711729623
423   1     0.005964214711729623
424   1     0.005964214711729623
425   1     0.005964214711729623
426   1     0.005964214711729623
427   1     0.005964214711729623
428   1     0.005964214711729623
429   1     0.005964214711729623
430   1     0.005964214711729623
431   1     0.005964214711729623
432   1     0.005964214711729623
433   1     0.005964214711729623
434   1     0.005964214711729623
435   1     0.005964214711729623
436   1     0.005964214711729623
437   1     0.005964214711729623
438   1     0.005964214711729623
439   1     0.005964214711729623
440   1     0.005964214711729623
441   1     0.005964214711729623
442   1     0.005964214711729623
443   1     0.005964214711729623
444   1     0.005964214711729623
445   1     0.005964214711729623
446   1     0.005964214711729623
447   1     0.005964214711729623
448   1     0.005964214711729623
449   1     0.005964214711729623
450   1     0.005964214711729623
451   1     0.005964214711729623
452   1     0.005964214711729623
453   1     0.005964214711729623
454   1     0.005964214711729623
455   1     0.005964214711729623
456   1     0.005964214711729623
457   1     0.005964214711729623
458   1     0.005964214711729623
459   1     0.005964214711729623
460   1     0.005964214711729623
461   1     0.005964214711729623
462   1     0.005964214711729623
463   1     0.005964214711729623
464   1     0.005964214711729623
465   1     0.005964214711729623
466   1     0.005964214711729623
467   1     0.005964214711729623
468   1     0.005964214711729623
469   1     0.005964214711729623
470   1     0.005964214711729623
471   1     0.005964214711729623
472   1     0.005964214711729623
473   1     0.005964214711729623
474   1     0.005964214711729623
475   1     0.005964214711729623
476   1     0.005964214711729623
477   1     0.005964214711729623
478   1     0.005964214711729623
479   1     0.005964214711729623
480   1     0.005964214711729623
481   1     0.005964214711729623
482   1     0.005964214711729623
483   1     0.005964214711729623
484   1     0.005964214711729623
485   1     0.005964214711729623
486   1     0.005964214711729623
487   1     0.005964214711729623
488   1     0.005964214711729623
489   1     0.005964214711729623
490   1     0.005964214711729623
491   1     0.005964214711729623
492   1     0.005964214711729623
493   1     0.005964214711729623
494   1     0.005964214711729623
495   1     0.005964214711729623
496   1     0.005964214711729623
497   1     0.005964214711729623
498   1     0.005964214711729623
499   1     0.005964214711729623
500   1     0.005964214711729623
501   1     0.005964214711729623
502   1     0.005964214711729623
503   1     0.005964214711729623
504   1     0.005964214711729623
505   1     0.005964214711729623
506   1     0.005964214711729623
507   1     0.005964214711729623
508   1     0.005964214711729623
509   1     0.005964214711729623
510   1     0.005964214711729623
511   1     0.005964214711729623
512   1     0.005964214711729623
513   1     0.005964214711729623
514   1     0.005964214711729623
515   1     0.005964214711729623
516   1     0.005964214711729623
517   1     0.005964214711729623
518   1     0.005964214711729623
519   1     0.005964214711729623
520   1     0.005964214711729623
521   1     0.005964214711729623
522   1     0.005964214711729623
523   1     0.005964214711729623
524   1     0.005964214711729623
525   1     0.005964214711729623
526   1     0.005964214711729623
527   1     0.005964214711729623
528   1     0.005964214711729623
529   1     0.005964214711729623
530   1     0.005964214711729623
531   1     0.005964214711729623
532   1     0.005964214711729623
533   1     0.005964214711729623
534   1     0.005964214711729623
535   1     0.005964214711729623
536   1     0.005964214711729623
537   1     0.005964214711729623
538   1     0.005964214711729623
539   1     0.005964214711729623
540   1     0.005964214711729623
541   1     0.005964214711729623
542   1     0.005964214711729623
543   1     0.005964214711729623
544   1     0.005964214711729623
545   1     0.005964214711729623
546   1     0.005964214711729623
547   1     0.005964214711729623
548   1     0.005964214711729623
549   1     0.005964214711729623
550   1     0.005964214711729623
551   1     0.005964214711729623
552   1     0.005964214711729623
553   1     0.005964214711729623
554   1     0.005964214711729623
555   1     0.005964214711729623
556   1     0.005964214711729623
557   1     0.005964214711729623
558   1     0.005964214711729623
559   1     0.005964214711729623
560   1     0.005964214711729623
561   1     0.005964214711729623
562   1     0.005964214711729623
563   1     0.005964214711729623
564   1     0.005964214711729623
565   1     0.005964214711729623
566   1     0.005964214711729623
567   1     0.005964214711729623
568   1     0.005964214711729623
569   1     0.005964214711729623
570   1     0.005964214711729623
571   1     0.005964214711729623
572   1     0.005964214711729623
573   1     0.005964214711729623
574   1     0.005964214711729623
575   1     0.005964214711729623
576   1     0.005964214711729623
577   1     0.005964214711729623
578   1     0.005964214711729623
579   1     0.005964214711729623
580   1     0.005964214711729623
581   1     0.005964214711729623
582   1     0.005964214711729623
583   1     0.005964214711729623
584   1     0.005964214711729623
585   1     0.005964214711729623
586   1     0.005964214711729623
587   1     0.005964214711729623
588   1     0.005964214711729623
589   1     0.005964214711729623
590   1     0.005964214711729623
591   1     0.005964214711729623
592   1     0.005964214711729623
593   1     0.005964214711729623
594   1     0.005964214711729623
595   1     0.005964214711729623
596   1     0.005964214711729623
597   1     0.005964214711729623
598   1     0.005964214711729623
599   1     0.005964214711729623
600   1     0.005964214711729623
601   1     0.005964214711729623
602   1     0.005964214711729623
603   1     0.005964214711729623
604   1     0.005964214711729623
605   1     0.005964214711729623
606   1     0.005964214711729623
607   1     0.005964214711729623
608   1     0.005964214711729623
609   1     0.005964214711729623
610   1     0.005964214711729623
611   1     0.005964214711729623
612   1     0.005964214711729623
613   1     0.005964214711729623
614   1     0.005964214711729623
615   1     0.005964214711729623
616   1     0.005964214711729623
617   1     0.005964214711729623
618   1     0.005964214711729623
619   1     0.005964214711729623
620   1     0.005964214711729623
621   1     0.005964214711729623
622   1     0.005964214711729623
623   1     0.005964214711729623
624   1     0.005964214711729623
625   1     0.005964214711729623
626   1     0.005964214711729623
627   1     0.005964214711729623
628   1     0.005964214711729623
629   1     0.005964214711729623
630   1     0.005964214711729623
631   1     0.005964214711729623
632   1     0.005964214711729623
633   1     0.005964214711729623
634   1     0.005964214711729623
635   1     0.005964214711729623
636   1     0.005964214711729623
637   1     0.005964214711729623
638   1     0.005964214711729623
639   1     0.005964214711729623
640   1     0.005964214711729623
641   1     0.005964214711729623
642   1     0.005964214711729623
643   1     0.005964214711729623
644   1     0.005964214711729623
645   1     0.005964214711729623
646   1     0.005964214711729623
647   1     0.005964214711729623
648   1     0.005964214711729623
649   1     0.005964214711729623
650   1     0.005964214711729623
651   1     0.005964214711729623
652   1     0.005964214711729623
653   1     0.005964214711729623
654   1     0.005964214711729623
655   1     0.005964214711729623
656   1     0.005964214711729623
657   1     0.005964214711729623
658   1     0.005964214711729623
659   1     0.005964214711729623
660   1     0.005964214711729623
661   1     0.005964214711729623
662   1     0.005964214711729623
663   1     0.005964214711729623
664   1     0.005964214711729623
665   1     0.005964214711729623
666   1     0.005964214711729623
667   1     0.005964214711729623
668   1     0.005964214711729623
669   1     0.005964214711729623
670   1     0.005964214711729623
671   1     0.005964214711729623
672   1     0.005964214711729623
673   1     0.005964214711729623
674   1     0.005964214711729623
675   1     0.005964214711729623
676   1     0.005964214711729623
677   1     0.005964214711729623
678   1     0.005964214711729623
679   1     0.005964214711729623
680   1     0.005964214711729623
681   1     0.005964214711729623
682   1     0.005964214711729623
683   1     0.005964214711729623
684   1     0.005964214711729623
685   1     0.005964214711729623
686   1     0.005964214711729623
687   1     0.005964214711729623
688   1     0.005964214711729623
689   1     0.005964214711729623
690   1     0.005964214711729623
691   1     0.005964214711729623
692   1     0.005964214711729623
693   1     0.005964214711729623
694   1     0.005964214711729623
695   1     0.005964214711729623
696   1     0.005964214711729623
697   1     0.005964214711729623
698   1     0.005964214711729623
699   1     0.005964214711729623
700   1     0.005964214711729623
701   1     0.005964214711729623
702   1     0.005964214711729623
703   1     0.005964214711729623
704   1     0.005964214711729623
705   1     0.005964214711729623
706   1     0.005964214711729623
707   1     0.005964214711729623
708   1     0.005964214711729623
709   1     0.005964214711729623
710   1     0.005964214711729623
711   1     0.005964214711729623
712   1     0.005964214711729623
713   1     0.005964214711729623
714   1     0.005964214711729623
715   1     0.005964214711729623
716   1     0.005964214711729623
717   1     0.005964214711729623
718   1     0.005964214711729623
719   1     0.005964214711729623
720   1     0.005964214711729623
721   1     0.005964214711729623
722   1     0.005964214711729623
723   1     0.005964214711729623
724   1     0.005964214711729623
725   1     0.005964214711729623
726   1     0.005964214711729623
727   1     0.005964214711729623
728   1     0.005964214711729623
729   1     0.005964214711729623
730   1     0.005964214711729623
731   1     0.005964214711729623
732   1     0.005964214711729623
733   1     0.005964214711729623
734   1     0.005964214711729623
735   1     0.005964214711729623
736   1     0.005964214711729623
737   1     0.005964214711729623
738   1     0.005964214711729623
739   1     0.005964214711729623
740   1     0.005964214711729623
741   1     0.005964214711729623
742   1     0.005964214711729623
743   1     0.005964214711729623
744   1     0.005964214711729623
745   1     0.005964214711729623
746   1     0.005964214711729623
747   1     0.005964214711729623
748   1     0.005964214711729623
749   1     0.005964214711729623
750   1     0.005964214711729623
751   1     0.005964214711729623
752   1     0.005964214711729623
753   1     0.005964214711729623
754   1     0.005964214711729623
755   1     0.005964214711729623
756   1     0.005964214711729623
757   1     0.005964214711729623
758   1     0.005964214711729623
759   1     0.005964214711729623
760   1     0.005964214711729623
761   1     0.005964214711729623
762   1     0.005964214711729623
763   1     0.005964214711729623
764   1     0.005964214711729623
765   1     0.005964214711729623
766   1     0.005964214711729623
767   1     0.005964214711729623
768   1     0.005964214711729623
769   1     0.005964214711729623
770   1     0.005964214711729623
771   1     0.005964214711729623
772   1     0.005964214711729623
773   1     0.005964214711729623
774   1     0.005964214711729623
775   1     0.005964214711729623
776   1     0.005964214711729623
777   1     0.005964214711729623
778   1     0.005964214711729623
779   1     0.005964214711729623
780   1     0.005964214711729623
781   1     0.005964214711729623
782   1     0.005964214711729623
783   1     0.005964214711729623
784   1     0.005964214711729623
785   1     0.005964214711729623
786   1     0.005964214711729623
787   1     0.005964214711729623
788   1     0.005964214711729623
789   1     0.005964214711729623
790   1     0.005964214711729623
791   1     0.005964214711729623
792   1     0.005964214711729623
793   1     0.005964214711729623
794   1     0.005964214711729623
795   1     0.005964214711729623
796   1     0.005964214711729623
797   1     0.005964214711729623
798   1     0.005964214711729623
799   1     0.005964214711729623
800   1     0.005964214711729623
801   1     0.005964214711729623
802   1     0.005964214711729623
803   1     0.005964214711729623
804   1     0.005964214711729623
805   1     0.005964214711729623
806   1     0.005964214711729623
807   1     0.005964214711729623
808   1     0.005964214711729623
809   1     0.005964214711729623
810   1     0.005964214711729623
811   1     0.005964214711729623
812   1     0.005964214711729623
813   1     0.005964214711729623
814   1     0.005964214711729623
815   1     0.005964214711729623
816   1     0.005964214711729623
817   1     0.005964214711729623
818   1     0.005964214711729623
819   1     0.005964214711729623
820   1     0.005964214711729623
821   1     0.005964214711729623
822   1     0.005964214711729623
823   1     0.005964214711729623
824   1     0.005964214711729623
825   1     0.005964214711729623
826   1     0.005964214711729623
827   1     0.005964214711729623
828   1     0.005964214711729623
829   1     0.005964214711729623
830   1     0.005964214711729623
831   1     0.005964214711729623
832   1     0.005964214711729623
833   1     0.005964214711729623
834   1     0.005964214711729623
835   1     0.005964214711729623
836   1     0.005964214711729623
837   1     0.005964214711729623
838   1     0.005964214711729623
839   1     0.005964214711729623
840   1     0.005964214711729623
841   1     0.005964214711729623
842   1     0.005964214711729623
843   1     0.005964214711729623
844   1     0.005964214711729623
845   1     0.005964214711729623
846   1     0.005964214711729623
847   1     0.005964214711729623
848   1     0.005964214711729623
849   1     0.005964214711729623
850   1     0.005964214711729623
851   1     0.005964214711729623
852   1     0.005964214711729623
853   1     0.005964214711729623
854   1     0.005964214711729623
855   1     0.005964214711729623
856   1     0.005964214711729623
857   1     0.005964214711729623
858   1     0.005964214711729623
859   1     0.005964214711729623
860   1     0.005964214711729623
861   1     0.005964214711729623
862   1     0.005964214711729623
863   1     0.005964214711729623
864   1     0.005964214711729623
865   1     0.005964214711729623
866   1     0.005964214711729623
867   1     0.005964214711729623
868   1     0.005964214711729623
869   1     0.005964214711729623
870   1     0.005964214711729623
871   1     0.005964214711729623
872   1     0.005964214711729623
873   1     0.005964214711729623
874   1     0.005964214711729623
875   1     0.005964214711729623
876   1     0.005964214711729623
877   1     0.005964214711729623
878   1     0.005964214711729623
879   1     0.005964214711729623
880   1     0.005964214711729623
881   1     0.005964214711729623
882   1     0.005964214711729623
883   1     0.005964214711729623
884   1     0.005964214711729623
885   1     0.005964214711729623
886   1     0.005964214711729623
887   1     0.005964214711729623
888   1     0.005964214711729623
889   1     0.005964214711729623
890   1     0.005964214711729623
891   1     0.005964214711729623
892   1     0.005964214711729623
893   1     0.005964214711729623
894   1     0.005964214711729623
895   1     0.005964214711729623
896   1     0.005964214711729623
897   1     0.005964214711729623
898   1     0.005964214711729623
899   1     0.005964214711729623
900   1     0.005964214711729623
901   1     0.005964214711729623
902   1     0.005964214711729623
903   1     0.005964214711729623
904   1     0.005964214711729623
905   1     0.005964214711729623
906   1     0.005964214711729623
907   1     0.005964214711729623
908   1     0.005964214711729623
909   1     0.005964214711729623
910   1     0.005964214711729623
911   1     0.005964214711729623
912   1     0.005964214711729623
913   1     0.005964214711729623
914   1     0.005964214711729623
915   1     0.005964214711729623
916   1     0.005964214711729623
917   1     0.005964214711729623
918   1     0.005964214711729623
919   1     0.005964214711729623
920   1     0.005964214711729623
921   1     0.005964214711729623
922   1     0.005964214711729623
923   1     0.005964214711729623
924   1     0.005964214711729623
925   1     0.005964214711729623
926   1     0.005964214711729623
927   1     0.005964214711729623
928   1     0.005964214711729623
929   1     0.005964214711729623
930   1     0.005964214711729623
931   1     0.005964214711729623
932   1     0.005964214711729623
933   1     0.005964214711729623
934   1     0.005964214711729623
935   1     0.005964214711729623
936   1     0.005964214711729623
937   1     0.005964214711729623
938   1     0.005964214711729623
939   1     0.005964214711729623
940   1     0.005964214711729623
941   1     0.005964214711729623
942   1     0.005964214711729623
943   1     0.005964214711729623
944   1     0.005964214711729623
945   1     0.005964214711729623
946   1     0.005964214711729623
947   1     0.005964214711729623
948   1     0.005964214711729623
949   1     0.005964214711729623
950   1     0.005964214711729623
951   1     0.005964214711729623
952   1     0.005964214711729623
953   1     0.005964214711729623
954   1     0.005964214711729623
955   1     0.005964214711729623
956   1     0.005964214711729623
957   1     0.005964214711729623
958   1     0.005964214711729623
959   1     0.005964214711729623
960   1     0.005964214711729623
961   1     0.005964214711729623
962   1     0.005964214711729623
963   1     0.005964214711729623
964   1     0.005964214711729623
965   1     0.005964214711729623
966   1     0.005964214711729623
967   1     0.005964214711729623
968   1     0.005964214711729623
969   1     0.005964214711729623
970   1     0.005964214711729623
971   1     0.005964214711729623
972   1     0.005964214711729623
973   1     0.005964214711729623
974   1     0.005964214711729623
975   1     0.005964214711729623
976   1     0.005964214711729623
977   1     0.005964214711729623
978   1     0.005964214711729623
979   1     0.005964214711729623
980   1     0.005964214711729623
981   1     0.005964214711729623
982   1     0.005964214711729623
983   1     0.005964214711729623
984   1     0.005964214711729623
985   1     0.005964214711729623
986   1     0.005964214711729623
987   1     0.005964214711729623
988   1     0.005964214711729623
989   1     0.005964214711729623
990   1     0.005964214711729623
991   1     0.005964214711729623
992   1     0.005964214711729623
993   1     0.005964214711729623
994   1     0.005964214711729623
995   1     0.005964214711729623
996   1     0.005964214711729623
997   1     0.005964214711729623
998   1     0.005964214711729623
999   1     0.005964214711729623
1000   1     0.005964214711729623
1001   1     0.005964214711729623
1002   1     0.005964214711729623
